/*Instructions.css*/
.ui-instructions {
    z-index: 1;
    position: absolute;
    height: 256px;
    display: flex;
    cursor: pointer;
	left: calc(50% - 256px);
    transform: rotate(-2deg);
	transition: all cubic-bezier(0.26, -0.23, 0.14, 1.35) 0.4s;
}
.ui-instructions.drum {
	top: calc(50% - 224px);
}
.ui-instructions.piano {
	top: calc(50% + 52px);
}
.ui-instructions:hover {
	
}
.ui-instructions.active {
	z-index: 2;
}

@media screen and (max-height: 700px) {
	.ui-instructions.drum {
	    top: calc(50% - 200px);
		left: calc(50% - 441px);
	}
	.ui-instructions.piano {
	    top: calc(50% - 80px);
		left: calc(50% - 441px);
	}
}
.ui-instructions.active {
  -webkit-animation: uiAnimation 1000ms linear both;
  animation: uiAnimation 1000ms linear both;
}

/* Generated with Bounce.js. Edit at http://bouncejs.com#%7Bs%3A%5B%7BT%3A%22r%22%2Ce%3A%22b%22%2Cd%3A1000%2CD%3A0%2Cf%3A0%2Ct%3A-10%2Cs%3A1%2Cb%3A3%7D%2C%7BT%3A%22t%22%2Ce%3A%22b%22%2Cd%3A1000%2CD%3A0%2Cf%3A%7Bx%3A0%2Cy%3A0%7D%2Ct%3A%7Bx%3A-120%2Cy%3A0%7D%2Cs%3A3%2Cb%3A4%7D%5D%7D */

@-webkit-keyframes uiAnimation { 
  0% { -webkit-transform: matrix3d(1, 0, 0, 0, 0, 1, 0, 0, 0, 0, 1, 0, 0, 0, 0, 1); transform: matrix3d(1, 0, 0, 0, 0, 1, 0, 0, 0, 0, 1, 0, 0, 0, 0, 1); }
  4.3% { -webkit-transform: matrix3d(0.998, -0.062, 0, 0, 0.062, 0.998, 0, 0, 0, 0, 1, 0, -61.592, 3.856, 0, 1); transform: matrix3d(0.998, -0.062, 0, 0, 0.062, 0.998, 0, 0, 0, 0, 1, 0, -61.592, 3.856, 0, 1); }
  5.81% { -webkit-transform: matrix3d(0.996, -0.084, 0, 0, 0.084, 0.996, 0, 0, 0, 0, 1, 0, -79.386, 6.714, 0, 1); transform: matrix3d(0.996, -0.084, 0, 0, 0.084, 0.996, 0, 0, 0, 0, 1, 0, -79.386, 6.714, 0, 1); }
  8.61% { -webkit-transform: matrix3d(0.993, -0.121, 0, 0, 0.121, 0.993, 0, 0, 0, 0, 1, 0, -104.653, 12.779, 0, 1); transform: matrix3d(0.993, -0.121, 0, 0, 0.121, 0.993, 0, 0, 0, 0, 1, 0, -104.653, 12.779, 0, 1); }
  11.61% { -webkit-transform: matrix3d(0.988, -0.153, 0, 0, 0.153, 0.988, 0, 0, 0, 0, 1, 0, -120.625, 18.676, 0, 1); transform: matrix3d(0.988, -0.153, 0, 0, 0.153, 0.988, 0, 0, 0, 0, 1, 0, -120.625, 18.676, 0, 1); }
  12.91% { -webkit-transform: matrix3d(0.986, -0.164, 0, 0, 0.164, 0.986, 0, 0, 0, 0, 1, 0, -124.564, 20.703, 0, 1); transform: matrix3d(0.986, -0.164, 0, 0, 0.164, 0.986, 0, 0, 0, 0, 1, 0, -124.564, 20.703, 0, 1); }
  17.22% { -webkit-transform: matrix3d(0.982, -0.188, 0, 0, 0.188, 0.982, 0, 0, 0, 0, 1, 0, -128.852, 24.71, 0, 1); transform: matrix3d(0.982, -0.188, 0, 0, 0.188, 0.982, 0, 0, 0, 0, 1, 0, -128.852, 24.71, 0, 1); }
  17.42% { -webkit-transform: matrix3d(0.982, -0.189, 0, 0, 0.189, 0.982, 0, 0, 0, 0, 1, 0, -128.824, 24.804, 0, 1); transform: matrix3d(0.982, -0.189, 0, 0, 0.189, 0.982, 0, 0, 0, 0, 1, 0, -128.824, 24.804, 0, 1); }
  23.12% { -webkit-transform: matrix3d(0.98, -0.198, 0, 0, 0.198, 0.98, 0, 0, 0, 0, 1, 0, -124.602, 25.18, 0, 1); transform: matrix3d(0.98, -0.198, 0, 0, 0.198, 0.98, 0, 0, 0, 0, 1, 0, -124.602, 25.18, 0, 1); }
  28.33% { -webkit-transform: matrix3d(0.981, -0.194, 0, 0, 0.194, 0.981, 0, 0, 0, 0, 1, 0, -120.159, 23.707, 0, 1); transform: matrix3d(0.981, -0.194, 0, 0, 0.194, 0.981, 0, 0, 0, 0, 1, 0, -120.159, 23.707, 0, 1); }
  30.33% { -webkit-transform: matrix3d(0.982, -0.19, 0, 0, 0.19, 0.982, 0, 0, 0, 0, 1, 0, -119.01, 23.088, 0, 1); transform: matrix3d(0.982, -0.19, 0, 0, 0.19, 0.982, 0, 0, 0, 0, 1, 0, -119.01, 23.088, 0, 1); }
  37.44% { -webkit-transform: matrix3d(0.984, -0.179, 0, 0, 0.179, 0.984, 0, 0, 0, 0, 1, 0, -117.379, 21.387, 0, 1); transform: matrix3d(0.984, -0.179, 0, 0, 0.179, 0.984, 0, 0, 0, 0, 1, 0, -117.379, 21.387, 0, 1); }
  39.44% { -webkit-transform: matrix3d(0.984, -0.177, 0, 0, 0.177, 0.984, 0, 0, 0, 0, 1, 0, -117.374, 21.083, 0, 1); transform: matrix3d(0.984, -0.177, 0, 0, 0.177, 0.984, 0, 0, 0, 0, 1, 0, -117.374, 21.083, 0, 1); }
  44.54% { -webkit-transform: matrix3d(0.985, -0.173, 0, 0, 0.173, 0.985, 0, 0, 0, 0, 1, 0, -117.679, 20.618, 0, 1); transform: matrix3d(0.985, -0.173, 0, 0, 0.173, 0.985, 0, 0, 0, 0, 1, 0, -117.679, 20.618, 0, 1); }
  51.65% { -webkit-transform: matrix3d(0.985, -0.171, 0, 0, 0.171, 0.985, 0, 0, 0, 0, 1, 0, -118.121, 20.483, 0, 1); transform: matrix3d(0.985, -0.171, 0, 0, 0.171, 0.985, 0, 0, 0, 0, 1, 0, -118.121, 20.483, 0, 1); }
  61.66% { -webkit-transform: matrix3d(0.985, -0.172, 0, 0, 0.172, 0.985, 0, 0, 0, 0, 1, 0, -118.255, 20.679, 0, 1); transform: matrix3d(0.985, -0.172, 0, 0, 0.172, 0.985, 0, 0, 0, 0, 1, 0, -118.255, 20.679, 0, 1); }
  80.28% { -webkit-transform: matrix3d(0.985, -0.174, 0, 0, 0.174, 0.985, 0, 0, 0, 0, 1, 0, -118.168, 20.876, 0, 1); transform: matrix3d(0.985, -0.174, 0, 0, 0.174, 0.985, 0, 0, 0, 0, 1, 0, -118.168, 20.876, 0, 1); }
  83.98% { -webkit-transform: matrix3d(0.985, -0.174, 0, 0, 0.174, 0.985, 0, 0, 0, 0, 1, 0, -118.168, 20.871, 0, 1); transform: matrix3d(0.985, -0.174, 0, 0, 0.174, 0.985, 0, 0, 0, 0, 1, 0, -118.168, 20.871, 0, 1); }
  100% { -webkit-transform: matrix3d(0.985, -0.174, 0, 0, 0.174, 0.985, 0, 0, 0, 0, 1, 0, -118.177, 20.838, 0, 1); transform: matrix3d(0.985, -0.174, 0, 0, 0.174, 0.985, 0, 0, 0, 0, 1, 0, -118.177, 20.838, 0, 1); } 
}

@keyframes uiAnimation { 
  0% { -webkit-transform: matrix3d(1, 0, 0, 0, 0, 1, 0, 0, 0, 0, 1, 0, 0, 0, 0, 1); transform: matrix3d(1, 0, 0, 0, 0, 1, 0, 0, 0, 0, 1, 0, 0, 0, 0, 1); }
  4.3% { -webkit-transform: matrix3d(0.998, -0.062, 0, 0, 0.062, 0.998, 0, 0, 0, 0, 1, 0, -61.592, 3.856, 0, 1); transform: matrix3d(0.998, -0.062, 0, 0, 0.062, 0.998, 0, 0, 0, 0, 1, 0, -61.592, 3.856, 0, 1); }
  5.81% { -webkit-transform: matrix3d(0.996, -0.084, 0, 0, 0.084, 0.996, 0, 0, 0, 0, 1, 0, -79.386, 6.714, 0, 1); transform: matrix3d(0.996, -0.084, 0, 0, 0.084, 0.996, 0, 0, 0, 0, 1, 0, -79.386, 6.714, 0, 1); }
  8.61% { -webkit-transform: matrix3d(0.993, -0.121, 0, 0, 0.121, 0.993, 0, 0, 0, 0, 1, 0, -104.653, 12.779, 0, 1); transform: matrix3d(0.993, -0.121, 0, 0, 0.121, 0.993, 0, 0, 0, 0, 1, 0, -104.653, 12.779, 0, 1); }
  11.61% { -webkit-transform: matrix3d(0.988, -0.153, 0, 0, 0.153, 0.988, 0, 0, 0, 0, 1, 0, -120.625, 18.676, 0, 1); transform: matrix3d(0.988, -0.153, 0, 0, 0.153, 0.988, 0, 0, 0, 0, 1, 0, -120.625, 18.676, 0, 1); }
  12.91% { -webkit-transform: matrix3d(0.986, -0.164, 0, 0, 0.164, 0.986, 0, 0, 0, 0, 1, 0, -124.564, 20.703, 0, 1); transform: matrix3d(0.986, -0.164, 0, 0, 0.164, 0.986, 0, 0, 0, 0, 1, 0, -124.564, 20.703, 0, 1); }
  17.22% { -webkit-transform: matrix3d(0.982, -0.188, 0, 0, 0.188, 0.982, 0, 0, 0, 0, 1, 0, -128.852, 24.71, 0, 1); transform: matrix3d(0.982, -0.188, 0, 0, 0.188, 0.982, 0, 0, 0, 0, 1, 0, -128.852, 24.71, 0, 1); }
  17.42% { -webkit-transform: matrix3d(0.982, -0.189, 0, 0, 0.189, 0.982, 0, 0, 0, 0, 1, 0, -128.824, 24.804, 0, 1); transform: matrix3d(0.982, -0.189, 0, 0, 0.189, 0.982, 0, 0, 0, 0, 1, 0, -128.824, 24.804, 0, 1); }
  23.12% { -webkit-transform: matrix3d(0.98, -0.198, 0, 0, 0.198, 0.98, 0, 0, 0, 0, 1, 0, -124.602, 25.18, 0, 1); transform: matrix3d(0.98, -0.198, 0, 0, 0.198, 0.98, 0, 0, 0, 0, 1, 0, -124.602, 25.18, 0, 1); }
  28.33% { -webkit-transform: matrix3d(0.981, -0.194, 0, 0, 0.194, 0.981, 0, 0, 0, 0, 1, 0, -120.159, 23.707, 0, 1); transform: matrix3d(0.981, -0.194, 0, 0, 0.194, 0.981, 0, 0, 0, 0, 1, 0, -120.159, 23.707, 0, 1); }
  30.33% { -webkit-transform: matrix3d(0.982, -0.19, 0, 0, 0.19, 0.982, 0, 0, 0, 0, 1, 0, -119.01, 23.088, 0, 1); transform: matrix3d(0.982, -0.19, 0, 0, 0.19, 0.982, 0, 0, 0, 0, 1, 0, -119.01, 23.088, 0, 1); }
  37.44% { -webkit-transform: matrix3d(0.984, -0.179, 0, 0, 0.179, 0.984, 0, 0, 0, 0, 1, 0, -117.379, 21.387, 0, 1); transform: matrix3d(0.984, -0.179, 0, 0, 0.179, 0.984, 0, 0, 0, 0, 1, 0, -117.379, 21.387, 0, 1); }
  39.44% { -webkit-transform: matrix3d(0.984, -0.177, 0, 0, 0.177, 0.984, 0, 0, 0, 0, 1, 0, -117.374, 21.083, 0, 1); transform: matrix3d(0.984, -0.177, 0, 0, 0.177, 0.984, 0, 0, 0, 0, 1, 0, -117.374, 21.083, 0, 1); }
  44.54% { -webkit-transform: matrix3d(0.985, -0.173, 0, 0, 0.173, 0.985, 0, 0, 0, 0, 1, 0, -117.679, 20.618, 0, 1); transform: matrix3d(0.985, -0.173, 0, 0, 0.173, 0.985, 0, 0, 0, 0, 1, 0, -117.679, 20.618, 0, 1); }
  51.65% { -webkit-transform: matrix3d(0.985, -0.171, 0, 0, 0.171, 0.985, 0, 0, 0, 0, 1, 0, -118.121, 20.483, 0, 1); transform: matrix3d(0.985, -0.171, 0, 0, 0.171, 0.985, 0, 0, 0, 0, 1, 0, -118.121, 20.483, 0, 1); }
  61.66% { -webkit-transform: matrix3d(0.985, -0.172, 0, 0, 0.172, 0.985, 0, 0, 0, 0, 1, 0, -118.255, 20.679, 0, 1); transform: matrix3d(0.985, -0.172, 0, 0, 0.172, 0.985, 0, 0, 0, 0, 1, 0, -118.255, 20.679, 0, 1); }
  80.28% { -webkit-transform: matrix3d(0.985, -0.174, 0, 0, 0.174, 0.985, 0, 0, 0, 0, 1, 0, -118.168, 20.876, 0, 1); transform: matrix3d(0.985, -0.174, 0, 0, 0.174, 0.985, 0, 0, 0, 0, 1, 0, -118.168, 20.876, 0, 1); }
  83.98% { -webkit-transform: matrix3d(0.985, -0.174, 0, 0, 0.174, 0.985, 0, 0, 0, 0, 1, 0, -118.168, 20.871, 0, 1); transform: matrix3d(0.985, -0.174, 0, 0, 0.174, 0.985, 0, 0, 0, 0, 1, 0, -118.168, 20.871, 0, 1); }
  100% { -webkit-transform: matrix3d(0.985, -0.174, 0, 0, 0.174, 0.985, 0, 0, 0, 0, 1, 0, -118.177, 20.838, 0, 1); transform: matrix3d(0.985, -0.174, 0, 0, 0.174, 0.985, 0, 0, 0, 0, 1, 0, -118.177, 20.838, 0, 1); } 
}